0 0.049913 0.281817 0.047066 0.048632
0 0.050959 0.396802 0.047995 0.057039
0 0.042243 0.522750 0.042185 0.046489
0 0.043289 0.604022 0.045439 0.047148
0 0.363916 0.608144 0.059152 0.085394
0 0.498954 0.242417 0.049157 0.045005
0 0.709936 0.044263 0.051830 0.050280
0 0.616676 0.085064 0.051249 0.052423
0 0.799361 0.499835 0.016153 0.029344
0 0.875828 0.611935 0.040093 0.052423
0 0.624056 0.723623 0.034399 0.035114
0 0.661766 0.771431 0.024288 0.037422
0 0.655549 0.247692 0.054852 0.059842
0 0.705694 0.315199 0.052876 0.060007
0 0.740558 0.389713 0.051714 0.048797
1 0.223881 0.574266 0.074259 0.060501
1 0.501859 0.469585 0.087740 0.083910
2 0.665427 0.691642 0.027426 0.036103
2 0.734922 0.598088 0.033701 0.040224
3 0.515572 0.639631 0.033818 0.046489
3 0.757408 0.530992 0.016851 0.027036
4 0.515572 0.790966 0.099361 0.133531
4 0.884311 0.397132 0.050087 0.080448
5 0.414120 0.855012 0.045439 0.023244
5 0.042243 0.744890 0.039163 0.029179
5 0.133353 0.266403 0.039628 0.030003
5 0.609355 0.554896 0.041720 0.027036
5 0.630738 0.151747 0.045439 0.017969
0 0.210691 0.276541 0.029053 0.028849
0 0.210343 0.340010 0.035793 0.045335
0 0.210808 0.396967 0.042533 0.041213
4 0.790529 0.189416 0.157931 0.181339
0 0.278152 0.273162 0.049390 0.032971
0 0.285357 0.328140 0.054271 0.041378
0 0.284893 0.397626 0.039628 0.031652
0 0.348809 0.275223 0.043579 0.042697
0 0.349332 0.326162 0.040674 0.031817
0 0.349274 0.382542 0.042650 0.045335
0 0.134340 0.328882 0.040674 0.042862
0 0.140558 0.393587 0.043579 0.045335
3 0.214643 0.497939 0.058106 0.039730
